# wheel_1200

0 1
1 2
2 3
3 4
4 5
5 6
6 7
7 8
8 9
9 10
10 11
11 12
12 13
13 14
14 15
15 16
16 17
17 18
18 19
19 20
20 21
21 22
22 23
23 24
24 25
25 26
26 27
27 28
28 29
29 30
30 31
31 32
32 33
33 34
34 35
35 36
36 37
37 38
38 39
39 40
40 41
41 42
42 43
43 44
44 45
45 46
46 47
47 48
48 49
49 50
50 51
51 52
52 53
53 54
54 55
55 56
56 57
57 58
58 59
59 60
60 61
61 62
62 63
63 64
64 65
65 66
66 67
67 68
68 69
69 70
70 71
71 72
72 73
73 74
74 75
75 76
76 77
77 78
78 79
79 80
80 81
81 82
82 83
83 84
84 85
85 86
86 87
87 88
88 89
89 90
90 91
91 92
92 93
93 94
94 95
95 96
96 97
97 98
98 99
99 100
100 101
101 102
102 103
103 104
104 105
105 106
106 107
107 108
108 109
109 110
110 111
111 112
112 113
113 114
114 115
115 116
116 117
117 118
118 119
119 120
120 121
121 122
122 123
123 124
124 125
125 126
126 127
127 128
128 129
129 130
130 131
131 132
132 133
133 134
134 135
135 136
136 137
137 138
138 139
139 140
140 141
141 142
142 143
143 144
144 145
145 146
146 147
147 148
148 149
149 150
150 151
151 152
152 153
153 154
154 155
155 156
156 157
157 158
158 159
159 160
160 161
161 162
162 163
163 164
164 165
165 166
166 167
167 168
168 169
169 170
170 171
171 172
172 173
173 174
174 175
175 176
176 177
177 178
178 179
179 180
180 181
181 182
182 183
183 184
184 185
185 186
186 187
187 188
188 189
189 190
190 191
191 192
192 193
193 194
194 195
195 196
196 197
197 198
198 199
199 200
200 201
201 202
202 203
203 204
204 205
205 206
206 207
207 208
208 209
209 210
210 211
211 212
212 213
213 214
214 215
215 216
216 217
217 218
218 219
219 220
220 221
221 222
222 223
223 224
224 225
225 226
226 227
227 228
228 229
229 230
230 231
231 232
232 233
233 234
234 235
235 236
236 237
237 238
238 239
239 240
240 241
241 242
242 243
243 244
244 245
245 246
246 247
247 248
248 249
249 250
250 251
251 252
252 253
253 254
254 255
255 256
256 257
257 258
258 259
259 260
260 261
261 262
262 263
263 264
264 265
265 266
266 267
267 268
268 269
269 270
270 271
271 272
272 273
273 274
274 275
275 276
276 277
277 278
278 279
279 280
280 281
281 282
282 283
283 284
284 285
285 286
286 287
287 288
288 289
289 290
290 291
291 292
292 293
293 294
294 295
295 296
296 297
297 298
298 299
299 300
300 301
301 302
302 303
303 304
304 305
305 306
306 307
307 308
308 309
309 310
310 311
311 312
312 313
313 314
314 315
315 316
316 317
317 318
318 319
319 320
320 321
321 322
322 323
323 324
324 325
325 326
326 327
327 328
328 329
329 330
330 331
331 332
332 333
333 334
334 335
335 336
336 337
337 338
338 339
339 340
340 341
341 342
342 343
343 344
344 345
345 346
346 347
347 348
348 349
349 350
350 351
351 352
352 353
353 354
354 355
355 356
356 357
357 358
358 359
359 360
360 361
361 362
362 363
363 364
364 365
365 366
366 367
367 368
368 369
369 370
370 371
371 372
372 373
373 374
374 375
375 376
376 377
377 378
378 379
379 380
380 381
381 382
382 383
383 384
384 385
385 386
386 387
387 388
388 389
389 390
390 391
391 392
392 393
393 394
394 395
395 396
396 397
397 398
398 399
399 400
400 401
401 402
402 403
403 404
404 405
405 406
406 407
407 408
408 409
409 410
410 411
411 412
412 413
413 414
414 415
415 416
416 417
417 418
418 419
419 420
420 421
421 422
422 423
423 424
424 425
425 426
426 427
427 428
428 429
429 430
430 431
431 432
432 433
433 434
434 435
435 436
436 437
437 438
438 439
439 440
440 441
441 442
442 443
443 444
444 445
445 446
446 447
447 448
448 449
449 450
450 451
451 452
452 453
453 454
454 455
455 456
456 457
457 458
458 459
459 460
460 461
461 462
462 463
463 464
464 465
465 466
466 467
467 468
468 469
469 470
470 471
471 472
472 473
473 474
474 475
475 476
476 477
477 478
478 479
479 480
480 481
481 482
482 483
483 484
484 485
485 486
486 487
487 488
488 489
489 490
490 491
491 492
492 493
493 494
494 495
495 496
496 497
497 498
498 499
499 500
500 501
501 502
502 503
503 504
504 505
505 506
506 507
507 508
508 509
509 510
510 511
511 512
512 513
513 514
514 515
515 516
516 517
517 518
518 519
519 520
520 521
521 522
522 523
523 524
524 525
525 526
526 527
527 528
528 529
529 530
530 531
531 532
532 533
533 534
534 535
535 536
536 537
537 538
538 539
539 540
540 541
541 542
542 543
543 544
544 545
545 546
546 547
547 548
548 549
549 550
550 551
551 552
552 553
553 554
554 555
555 556
556 557
557 558
558 559
559 560
560 561
561 562
562 563
563 564
564 565
565 566
566 567
567 568
568 569
569 570
570 571
571 572
572 573
573 574
574 575
575 576
576 577
577 578
578 579
579 580
580 581
581 582
582 583
583 584
584 585
585 586
586 587
587 588
588 589
589 590
590 591
591 592
592 593
593 594
594 595
595 596
596 597
597 598
598 599
599 600
600 601
601 602
602 603
603 604
604 605
605 606
606 607
607 608
608 609
609 610
610 611
611 612
612 613
613 614
614 615
615 616
616 617
617 618
618 619
619 620
620 621
621 622
622 623
623 624
624 625
625 626
626 627
627 628
628 629
629 630
630 631
631 632
632 633
633 634
634 635
635 636
636 637
637 638
638 639
639 640
640 641
641 642
642 643
643 644
644 645
645 646
646 647
647 648
648 649
649 650
650 651
651 652
652 653
653 654
654 655
655 656
656 657
657 658
658 659
659 660
660 661
661 662
662 663
663 664
664 665
665 666
666 667
667 668
668 669
669 670
670 671
671 672
672 673
673 674
674 675
675 676
676 677
677 678
678 679
679 680
680 681
681 682
682 683
683 684
684 685
685 686
686 687
687 688
688 689
689 690
690 691
691 692
692 693
693 694
694 695
695 696
696 697
697 698
698 699
699 700
700 701
701 702
702 703
703 704
704 705
705 706
706 707
707 708
708 709
709 710
710 711
711 712
712 713
713 714
714 715
715 716
716 717
717 718
718 719
719 720
720 721
721 722
722 723
723 724
724 725
725 726
726 727
727 728
728 729
729 730
730 731
731 732
732 733
733 734
734 735
735 736
736 737
737 738
738 739
739 740
740 741
741 742
742 743
743 744
744 745
745 746
746 747
747 748
748 749
749 750
750 751
751 752
752 753
753 754
754 755
755 756
756 757
757 758
758 759
759 760
760 761
761 762
762 763
763 764
764 765
765 766
766 767
767 768
768 769
769 770
770 771
771 772
772 773
773 774
774 775
775 776
776 777
777 778
778 779
779 780
780 781
781 782
782 783
783 784
784 785
785 786
786 787
787 788
788 789
789 790
790 791
791 792
792 793
793 794
794 795
795 796
796 797
797 798
798 799
799 800
800 801
801 802
802 803
803 804
804 805
805 806
806 807
807 808
808 809
809 810
810 811
811 812
812 813
813 814
814 815
815 816
816 817
817 818
818 819
819 820
820 821
821 822
822 823
823 824
824 825
825 826
826 827
827 828
828 829
829 830
830 831
831 832
832 833
833 834
834 835
835 836
836 837
837 838
838 839
839 840
840 841
841 842
842 843
843 844
844 845
845 846
846 847
847 848
848 849
849 850
850 851
851 852
852 853
853 854
854 855
855 856
856 857
857 858
858 859
859 860
860 861
861 862
862 863
863 864
864 865
865 866
866 867
867 868
868 869
869 870
870 871
871 872
872 873
873 874
874 875
875 876
876 877
877 878
878 879
879 880
880 881
881 882
882 883
883 884
884 885
885 886
886 887
887 888
888 889
889 890
890 891
891 892
892 893
893 894
894 895
895 896
896 897
897 898
898 899
899 900
900 901
901 902
902 903
903 904
904 905
905 906
906 907
907 908
908 909
909 910
910 911
911 912
912 913
913 914
914 915
915 916
916 917
917 918
918 919
919 920
920 921
921 922
922 923
923 924
924 925
925 926
926 927
927 928
928 929
929 930
930 931
931 932
932 933
933 934
934 935
935 936
936 937
937 938
938 939
939 940
940 941
941 942
942 943
943 944
944 945
945 946
946 947
947 948
948 949
949 950
950 951
951 952
952 953
953 954
954 955
955 956
956 957
957 958
958 959
959 960
960 961
961 962
962 963
963 964
964 965
965 966
966 967
967 968
968 969
969 970
970 971
971 972
972 973
973 974
974 975
975 976
976 977
977 978
978 979
979 980
980 981
981 982
982 983
983 984
984 985
985 986
986 987
987 988
988 989
989 990
990 991
991 992
992 993
993 994
994 995
995 996
996 997
997 998
998 999
999 1000
1000 1001
1001 1002
1002 1003
1003 1004
1004 1005
1005 1006
1006 1007
1007 1008
1008 1009
1009 1010
1010 1011
1011 1012
1012 1013
1013 1014
1014 1015
1015 1016
1016 1017
1017 1018
1018 1019
1019 1020
1020 1021
1021 1022
1022 1023
1023 1024
1024 1025
1025 1026
1026 1027
1027 1028
1028 1029
1029 1030
1030 1031
1031 1032
1032 1033
1033 1034
1034 1035
1035 1036
1036 1037
1037 1038
1038 1039
1039 1040
1040 1041
1041 1042
1042 1043
1043 1044
1044 1045
1045 1046
1046 1047
1047 1048
1048 1049
1049 1050
1050 1051
1051 1052
1052 1053
1053 1054
1054 1055
1055 1056
1056 1057
1057 1058
1058 1059
1059 1060
1060 1061
1061 1062
1062 1063
1063 1064
1064 1065
1065 1066
1066 1067
1067 1068
1068 1069
1069 1070
1070 1071
1071 1072
1072 1073
1073 1074
1074 1075
1075 1076
1076 1077
1077 1078
1078 1079
1079 1080
1080 1081
1081 1082
1082 1083
1083 1084
1084 1085
1085 1086
1086 1087
1087 1088
1088 1089
1089 1090
1090 1091
1091 1092
1092 1093
1093 1094
1094 1095
1095 1096
1096 1097
1097 1098
1098 1099
1099 1100
1100 1101
1101 1102
1102 1103
1103 1104
1104 1105
1105 1106
1106 1107
1107 1108
1108 1109
1109 1110
1110 1111
1111 1112
1112 1113
1113 1114
1114 1115
1115 1116
1116 1117
1117 1118
1118 1119
1119 1120
1120 1121
1121 1122
1122 1123
1123 1124
1124 1125
1125 1126
1126 1127
1127 1128
1128 1129
1129 1130
1130 1131
1131 1132
1132 1133
1133 1134
1134 1135
1135 1136
1136 1137
1137 1138
1138 1139
1139 1140
1140 1141
1141 1142
1142 1143
1143 1144
1144 1145
1145 1146
1146 1147
1147 1148
1148 1149
1149 1150
1150 1151
1151 1152
1152 1153
1153 1154
1154 1155
1155 1156
1156 1157
1157 1158
1158 1159
1159 1160
1160 1161
1161 1162
1162 1163
1163 1164
1164 1165
1165 1166
1166 1167
1167 1168
1168 1169
1169 1170
1170 1171
1171 1172
1172 1173
1173 1174
1174 1175
1175 1176
1176 1177
1177 1178
1178 1179
1179 1180
1180 1181
1181 1182
1182 1183
1183 1184
1184 1185
1185 1186
1186 1187
1187 1188
1188 1189
1189 1190
1190 1191
1191 1192
1192 1193
1193 1194
1194 1195
1195 1196
1196 1197
1197 1198
0 1198
0 1199
1 1199
2 1199
3 1199
4 1199
5 1199
6 1199
7 1199
8 1199
9 1199
10 1199
11 1199
12 1199
13 1199
14 1199
15 1199
16 1199
17 1199
18 1199
19 1199
20 1199
21 1199
22 1199
23 1199
24 1199
25 1199
26 1199
27 1199
28 1199
29 1199
30 1199
31 1199
32 1199
33 1199
34 1199
35 1199
36 1199
37 1199
38 1199
39 1199
40 1199
41 1199
42 1199
43 1199
44 1199
45 1199
46 1199
47 1199
48 1199
49 1199
50 1199
51 1199
52 1199
53 1199
54 1199
55 1199
56 1199
57 1199
58 1199
59 1199
60 1199
61 1199
62 1199
63 1199
64 1199
65 1199
66 1199
67 1199
68 1199
69 1199
70 1199
71 1199
72 1199
73 1199
74 1199
75 1199
76 1199
77 1199
78 1199
79 1199
80 1199
81 1199
82 1199
83 1199
84 1199
85 1199
86 1199
87 1199
88 1199
89 1199
90 1199
91 1199
92 1199
93 1199
94 1199
95 1199
96 1199
97 1199
98 1199
99 1199
100 1199
101 1199
102 1199
103 1199
104 1199
105 1199
106 1199
107 1199
108 1199
109 1199
110 1199
111 1199
112 1199
113 1199
114 1199
115 1199
116 1199
117 1199
118 1199
119 1199
120 1199
121 1199
122 1199
123 1199
124 1199
125 1199
126 1199
127 1199
128 1199
129 1199
130 1199
131 1199
132 1199
133 1199
134 1199
135 1199
136 1199
137 1199
138 1199
139 1199
140 1199
141 1199
142 1199
143 1199
144 1199
145 1199
146 1199
147 1199
148 1199
149 1199
150 1199
151 1199
152 1199
153 1199
154 1199
155 1199
156 1199
157 1199
158 1199
159 1199
160 1199
161 1199
162 1199
163 1199
164 1199
165 1199
166 1199
167 1199
168 1199
169 1199
170 1199
171 1199
172 1199
173 1199
174 1199
175 1199
176 1199
177 1199
178 1199
179 1199
180 1199
181 1199
182 1199
183 1199
184 1199
185 1199
186 1199
187 1199
188 1199
189 1199
190 1199
191 1199
192 1199
193 1199
194 1199
195 1199
196 1199
197 1199
198 1199
199 1199
200 1199
201 1199
202 1199
203 1199
204 1199
205 1199
206 1199
207 1199
208 1199
209 1199
210 1199
211 1199
212 1199
213 1199
214 1199
215 1199
216 1199
217 1199
218 1199
219 1199
220 1199
221 1199
222 1199
223 1199
224 1199
225 1199
226 1199
227 1199
228 1199
229 1199
230 1199
231 1199
232 1199
233 1199
234 1199
235 1199
236 1199
237 1199
238 1199
239 1199
240 1199
241 1199
242 1199
243 1199
244 1199
245 1199
246 1199
247 1199
248 1199
249 1199
250 1199
251 1199
252 1199
253 1199
254 1199
255 1199
256 1199
257 1199
258 1199
259 1199
260 1199
261 1199
262 1199
263 1199
264 1199
265 1199
266 1199
267 1199
268 1199
269 1199
270 1199
271 1199
272 1199
273 1199
274 1199
275 1199
276 1199
277 1199
278 1199
279 1199
280 1199
281 1199
282 1199
283 1199
284 1199
285 1199
286 1199
287 1199
288 1199
289 1199
290 1199
291 1199
292 1199
293 1199
294 1199
295 1199
296 1199
297 1199
298 1199
299 1199
300 1199
301 1199
302 1199
303 1199
304 1199
305 1199
306 1199
307 1199
308 1199
309 1199
310 1199
311 1199
312 1199
313 1199
314 1199
315 1199
316 1199
317 1199
318 1199
319 1199
320 1199
321 1199
322 1199
323 1199
324 1199
325 1199
326 1199
327 1199
328 1199
329 1199
330 1199
331 1199
332 1199
333 1199
334 1199
335 1199
336 1199
337 1199
338 1199
339 1199
340 1199
341 1199
342 1199
343 1199
344 1199
345 1199
346 1199
347 1199
348 1199
349 1199
350 1199
351 1199
352 1199
353 1199
354 1199
355 1199
356 1199
357 1199
358 1199
359 1199
360 1199
361 1199
362 1199
363 1199
364 1199
365 1199
366 1199
367 1199
368 1199
369 1199
370 1199
371 1199
372 1199
373 1199
374 1199
375 1199
376 1199
377 1199
378 1199
379 1199
380 1199
381 1199
382 1199
383 1199
384 1199
385 1199
386 1199
387 1199
388 1199
389 1199
390 1199
391 1199
392 1199
393 1199
394 1199
395 1199
396 1199
397 1199
398 1199
399 1199
400 1199
401 1199
402 1199
403 1199
404 1199
405 1199
406 1199
407 1199
408 1199
409 1199
410 1199
411 1199
412 1199
413 1199
414 1199
415 1199
416 1199
417 1199
418 1199
419 1199
420 1199
421 1199
422 1199
423 1199
424 1199
425 1199
426 1199
427 1199
428 1199
429 1199
430 1199
431 1199
432 1199
433 1199
434 1199
435 1199
436 1199
437 1199
438 1199
439 1199
440 1199
441 1199
442 1199
443 1199
444 1199
445 1199
446 1199
447 1199
448 1199
449 1199
450 1199
451 1199
452 1199
453 1199
454 1199
455 1199
456 1199
457 1199
458 1199
459 1199
460 1199
461 1199
462 1199
463 1199
464 1199
465 1199
466 1199
467 1199
468 1199
469 1199
470 1199
471 1199
472 1199
473 1199
474 1199
475 1199
476 1199
477 1199
478 1199
479 1199
480 1199
481 1199
482 1199
483 1199
484 1199
485 1199
486 1199
487 1199
488 1199
489 1199
490 1199
491 1199
492 1199
493 1199
494 1199
495 1199
496 1199
497 1199
498 1199
499 1199
500 1199
501 1199
502 1199
503 1199
504 1199
505 1199
506 1199
507 1199
508 1199
509 1199
510 1199
511 1199
512 1199
513 1199
514 1199
515 1199
516 1199
517 1199
518 1199
519 1199
520 1199
521 1199
522 1199
523 1199
524 1199
525 1199
526 1199
527 1199
528 1199
529 1199
530 1199
531 1199
532 1199
533 1199
534 1199
535 1199
536 1199
537 1199
538 1199
539 1199
540 1199
541 1199
542 1199
543 1199
544 1199
545 1199
546 1199
547 1199
548 1199
549 1199
550 1199
551 1199
552 1199
553 1199
554 1199
555 1199
556 1199
557 1199
558 1199
559 1199
560 1199
561 1199
562 1199
563 1199
564 1199
565 1199
566 1199
567 1199
568 1199
569 1199
570 1199
571 1199
572 1199
573 1199
574 1199
575 1199
576 1199
577 1199
578 1199
579 1199
580 1199
581 1199
582 1199
583 1199
584 1199
585 1199
586 1199
587 1199
588 1199
589 1199
590 1199
591 1199
592 1199
593 1199
594 1199
595 1199
596 1199
597 1199
598 1199
599 1199
600 1199
601 1199
602 1199
603 1199
604 1199
605 1199
606 1199
607 1199
608 1199
609 1199
610 1199
611 1199
612 1199
613 1199
614 1199
615 1199
616 1199
617 1199
618 1199
619 1199
620 1199
621 1199
622 1199
623 1199
624 1199
625 1199
626 1199
627 1199
628 1199
629 1199
630 1199
631 1199
632 1199
633 1199
634 1199
635 1199
636 1199
637 1199
638 1199
639 1199
640 1199
641 1199
642 1199
643 1199
644 1199
645 1199
646 1199
647 1199
648 1199
649 1199
650 1199
651 1199
652 1199
653 1199
654 1199
655 1199
656 1199
657 1199
658 1199
659 1199
660 1199
661 1199
662 1199
663 1199
664 1199
665 1199
666 1199
667 1199
668 1199
669 1199
670 1199
671 1199
672 1199
673 1199
674 1199
675 1199
676 1199
677 1199
678 1199
679 1199
680 1199
681 1199
682 1199
683 1199
684 1199
685 1199
686 1199
687 1199
688 1199
689 1199
690 1199
691 1199
692 1199
693 1199
694 1199
695 1199
696 1199
697 1199
698 1199
699 1199
700 1199
701 1199
702 1199
703 1199
704 1199
705 1199
706 1199
707 1199
708 1199
709 1199
710 1199
711 1199
712 1199
713 1199
714 1199
715 1199
716 1199
717 1199
718 1199
719 1199
720 1199
721 1199
722 1199
723 1199
724 1199
725 1199
726 1199
727 1199
728 1199
729 1199
730 1199
731 1199
732 1199
733 1199
734 1199
735 1199
736 1199
737 1199
738 1199
739 1199
740 1199
741 1199
742 1199
743 1199
744 1199
745 1199
746 1199
747 1199
748 1199
749 1199
750 1199
751 1199
752 1199
753 1199
754 1199
755 1199
756 1199
757 1199
758 1199
759 1199
760 1199
761 1199
762 1199
763 1199
764 1199
765 1199
766 1199
767 1199
768 1199
769 1199
770 1199
771 1199
772 1199
773 1199
774 1199
775 1199
776 1199
777 1199
778 1199
779 1199
780 1199
781 1199
782 1199
783 1199
784 1199
785 1199
786 1199
787 1199
788 1199
789 1199
790 1199
791 1199
792 1199
793 1199
794 1199
795 1199
796 1199
797 1199
798 1199
799 1199
800 1199
801 1199
802 1199
803 1199
804 1199
805 1199
806 1199
807 1199
808 1199
809 1199
810 1199
811 1199
812 1199
813 1199
814 1199
815 1199
816 1199
817 1199
818 1199
819 1199
820 1199
821 1199
822 1199
823 1199
824 1199
825 1199
826 1199
827 1199
828 1199
829 1199
830 1199
831 1199
832 1199
833 1199
834 1199
835 1199
836 1199
837 1199
838 1199
839 1199
840 1199
841 1199
842 1199
843 1199
844 1199
845 1199
846 1199
847 1199
848 1199
849 1199
850 1199
851 1199
852 1199
853 1199
854 1199
855 1199
856 1199
857 1199
858 1199
859 1199
860 1199
861 1199
862 1199
863 1199
864 1199
865 1199
866 1199
867 1199
868 1199
869 1199
870 1199
871 1199
872 1199
873 1199
874 1199
875 1199
876 1199
877 1199
878 1199
879 1199
880 1199
881 1199
882 1199
883 1199
884 1199
885 1199
886 1199
887 1199
888 1199
889 1199
890 1199
891 1199
892 1199
893 1199
894 1199
895 1199
896 1199
897 1199
898 1199
899 1199
900 1199
901 1199
902 1199
903 1199
904 1199
905 1199
906 1199
907 1199
908 1199
909 1199
910 1199
911 1199
912 1199
913 1199
914 1199
915 1199
916 1199
917 1199
918 1199
919 1199
920 1199
921 1199
922 1199
923 1199
924 1199
925 1199
926 1199
927 1199
928 1199
929 1199
930 1199
931 1199
932 1199
933 1199
934 1199
935 1199
936 1199
937 1199
938 1199
939 1199
940 1199
941 1199
942 1199
943 1199
944 1199
945 1199
946 1199
947 1199
948 1199
949 1199
950 1199
951 1199
952 1199
953 1199
954 1199
955 1199
956 1199
957 1199
958 1199
959 1199
960 1199
961 1199
962 1199
963 1199
964 1199
965 1199
966 1199
967 1199
968 1199
969 1199
970 1199
971 1199
972 1199
973 1199
974 1199
975 1199
976 1199
977 1199
978 1199
979 1199
980 1199
981 1199
982 1199
983 1199
984 1199
985 1199
986 1199
987 1199
988 1199
989 1199
990 1199
991 1199
992 1199
993 1199
994 1199
995 1199
996 1199
997 1199
998 1199
999 1199
1000 1199
1001 1199
1002 1199
1003 1199
1004 1199
1005 1199
1006 1199
1007 1199
1008 1199
1009 1199
1010 1199
1011 1199
1012 1199
1013 1199
1014 1199
1015 1199
1016 1199
1017 1199
1018 1199
1019 1199
1020 1199
1021 1199
1022 1199
1023 1199
1024 1199
1025 1199
1026 1199
1027 1199
1028 1199
1029 1199
1030 1199
1031 1199
1032 1199
1033 1199
1034 1199
1035 1199
1036 1199
1037 1199
1038 1199
1039 1199
1040 1199
1041 1199
1042 1199
1043 1199
1044 1199
1045 1199
1046 1199
1047 1199
1048 1199
1049 1199
1050 1199
1051 1199
1052 1199
1053 1199
1054 1199
1055 1199
1056 1199
1057 1199
1058 1199
1059 1199
1060 1199
1061 1199
1062 1199
1063 1199
1064 1199
1065 1199
1066 1199
1067 1199
1068 1199
1069 1199
1070 1199
1071 1199
1072 1199
1073 1199
1074 1199
1075 1199
1076 1199
1077 1199
1078 1199
1079 1199
1080 1199
1081 1199
1082 1199
1083 1199
1084 1199
1085 1199
1086 1199
1087 1199
1088 1199
1089 1199
1090 1199
1091 1199
1092 1199
1093 1199
1094 1199
1095 1199
1096 1199
1097 1199
1098 1199
1099 1199
1100 1199
1101 1199
1102 1199
1103 1199
1104 1199
1105 1199
1106 1199
1107 1199
1108 1199
1109 1199
1110 1199
1111 1199
1112 1199
1113 1199
1114 1199
1115 1199
1116 1199
1117 1199
1118 1199
1119 1199
1120 1199
1121 1199
1122 1199
1123 1199
1124 1199
1125 1199
1126 1199
1127 1199
1128 1199
1129 1199
1130 1199
1131 1199
1132 1199
1133 1199
1134 1199
1135 1199
1136 1199
1137 1199
1138 1199
1139 1199
1140 1199
1141 1199
1142 1199
1143 1199
1144 1199
1145 1199
1146 1199
1147 1199
1148 1199
1149 1199
1150 1199
1151 1199
1152 1199
1153 1199
1154 1199
1155 1199
1156 1199
1157 1199
1158 1199
1159 1199
1160 1199
1161 1199
1162 1199
1163 1199
1164 1199
1165 1199
1166 1199
1167 1199
1168 1199
1169 1199
1170 1199
1171 1199
1172 1199
1173 1199
1174 1199
1175 1199
1176 1199
1177 1199
1178 1199
1179 1199
1180 1199
1181 1199
1182 1199
1183 1199
1184 1199
1185 1199
1186 1199
1187 1199
1188 1199
1189 1199
1190 1199
1191 1199
1192 1199
1193 1199
1194 1199
1195 1199
1196 1199
1197 1199
1198 1199
