# wheel_95

0 1
1 2
2 3
3 4
4 5
5 6
6 7
7 8
8 9
9 10
10 11
11 12
12 13
13 14
14 15
15 16
16 17
17 18
18 19
19 20
20 21
21 22
22 23
23 24
24 25
25 26
26 27
27 28
28 29
29 30
30 31
31 32
32 33
33 34
34 35
35 36
36 37
37 38
38 39
39 40
40 41
41 42
42 43
43 44
44 45
45 46
46 47
47 48
48 49
49 50
50 51
51 52
52 53
53 54
54 55
55 56
56 57
57 58
58 59
59 60
60 61
61 62
62 63
63 64
64 65
65 66
66 67
67 68
68 69
69 70
70 71
71 72
72 73
73 74
74 75
75 76
76 77
77 78
78 79
79 80
80 81
81 82
82 83
83 84
84 85
85 86
86 87
87 88
88 89
89 90
90 91
91 92
92 93
0 93
0 94
1 94
2 94
3 94
4 94
5 94
6 94
7 94
8 94
9 94
10 94
11 94
12 94
13 94
14 94
15 94
16 94
17 94
18 94
19 94
20 94
21 94
22 94
23 94
24 94
25 94
26 94
27 94
28 94
29 94
30 94
31 94
32 94
33 94
34 94
35 94
36 94
37 94
38 94
39 94
40 94
41 94
42 94
43 94
44 94
45 94
46 94
47 94
48 94
49 94
50 94
51 94
52 94
53 94
54 94
55 94
56 94
57 94
58 94
59 94
60 94
61 94
62 94
63 94
64 94
65 94
66 94
67 94
68 94
69 94
70 94
71 94
72 94
73 94
74 94
75 94
76 94
77 94
78 94
79 94
80 94
81 94
82 94
83 94
84 94
85 94
86 94
87 94
88 94
89 94
90 94
91 94
92 94
93 94
